2.016796381751696232e-01
1.747024065666728521e-01
1.731036279029316283e-01
1.719879861844910429e-01
1.709755612042215267e-01
1.698426881379551390e-01
1.684088885731167273e-01
1.663604668484793825e-01
1.637789475878079770e-01
1.607614475925763509e-01
1.573697677758005009e-01
1.541054494937260932e-01
1.507593168589803911e-01
1.479509145246611646e-01
1.454941046065754418e-01
1.432250209503703742e-01
1.413844320019086165e-01
1.395813824295997485e-01
1.380236717647976286e-01
1.365541369451416798e-01
1.352028302351633571e-01
1.338842121561368281e-01
1.327495010839568335e-01
1.316769283427132453e-01
1.306115095376968460e-01
1.296454784048928222e-01
1.287597313827938406e-01
1.278558322946230508e-01
1.270839160826471026e-01
1.264242659648259492e-01
1.256857575694720064e-01
1.249542527463701064e-01
1.243482780946625621e-01
1.236820653398831710e-01
1.231036658684412644e-01
1.225900102787547685e-01
1.220572898255454231e-01
1.215780895988146509e-01
1.210205390055974356e-01
1.205692083411746551e-01
1.200896409445338792e-01
1.196936618897650045e-01
1.192453935305277518e-01
1.188252254803975477e-01
1.184742992122968103e-01
1.180877583099736172e-01
1.176603456642892620e-01
1.172937595579359310e-01
1.169666601843304121e-01
1.167299359970622591e-01
1.163391034629609883e-01
1.160787543164359253e-01
1.157728454046779154e-01
1.154830806824896083e-01
1.151929754455884303e-01
1.149399475296338374e-01
1.147310022539562713e-01
1.144387997905413346e-01
1.141718016386032153e-01
1.139802241643269876e-01
1.137612884415520609e-01
1.135726134088304307e-01
1.132841542866494938e-01
1.131230686148007730e-01
1.129269033816125700e-01
1.126887265404065419e-01
1.125109643273883436e-01
1.123340714163250376e-01
1.121133255521456346e-01
1.119352002143859798e-01
1.117822219742669043e-01
1.116407130731476710e-01
1.114778811931610158e-01
1.112544235295719608e-01
1.111316451443566250e-01
1.109661225689781983e-01
1.107935226599375406e-01
1.106436735365125823e-01
1.105206591712104003e-01
1.103739379538430099e-01
1.102131586922539541e-01
1.100753056658638901e-01
1.099238188094563001e-01
1.098332720849249100e-01
1.096932239174842894e-01
1.095478011522028200e-01
1.093752827697330038e-01
1.093335950798458578e-01
1.091484465493096218e-01
1.090749253008100744e-01
1.089793002989557086e-01
1.088114935305383446e-01
1.087478880498144312e-01
1.085851325498686931e-01
1.084943150096469439e-01
1.084097824785444503e-01
1.082748740580346813e-01
1.081155693531036383e-01
1.080636975579791631e-01
1.079080879304144119e-01
